        TIME,    TIDE,      OB,   SURGE,    BIAS,     TWL,SURGE90p,  TWL90p,SURGE10p,   TWL10p
202604090600,   3.573,   3.919,   0.300,   0.046,   3.919,   0.300,   3.919,   0.300,   3.919
202604090606,   3.558,9999.000,9999.000,9999.000,9999.000,9999.000,9999.000,9999.000,9999.000
202604090612,   3.541,   3.890,9999.000,9999.000,9999.000,9999.000,9999.000,9999.000,9999.000
202604090618,   3.522,9999.000,9999.000,9999.000,9999.000,9999.000,9999.000,9999.000,9999.000
202604090624,   3.500,   3.870,9999.000,9999.000,9999.000,9999.000,9999.000,9999.000,9999.000
202604090630,   3.475,9999.000,9999.000,9999.000,9999.000,9999.000,9999.000,9999.000,9999.000
202604090636,   3.448,   3.749,9999.000,9999.000,9999.000,9999.000,9999.000,9999.000,9999.000
202604090642,   3.418,9999.000,9999.000,9999.000,9999.000,9999.000,9999.000,9999.000,9999.000
202604090648,   3.385,   3.617,9999.000,9999.000,9999.000,9999.000,9999.000,9999.000,9999.000
202604090654,   3.350,9999.000,9999.000,9999.000,9999.000,9999.000,9999.000,9999.000,9999.000
202604090700,   3.313,   3.348,   0.300,  -0.265,   3.348,   0.300,   3.348,   0.300,   3.348
202604090706,   3.273,   3.319,9999.000,9999.000,9999.000,9999.000,9999.000,9999.000,9999.000
202604090712,   3.231,   3.319,9999.000,9999.000,9999.000,9999.000,9999.000,9999.000,9999.000
202604090718,   3.186,   3.279,9999.000,9999.000,9999.000,9999.000,9999.000,9999.000,9999.000
202604090724,   3.140,   3.197,9999.000,9999.000,9999.000,9999.000,9999.000,9999.000,9999.000
202604090730,   3.091,   3.138,9999.000,9999.000,9999.000,9999.000,9999.000,9999.000,9999.000
202604090736,   3.040,   3.109,9999.000,9999.000,9999.000,9999.000,9999.000,9999.000,9999.000
202604090742,   2.987,   3.017,9999.000,9999.000,9999.000,9999.000,9999.000,9999.000,9999.000
202604090748,   2.932,   2.958,9999.000,9999.000,9999.000,9999.000,9999.000,9999.000,9999.000
202604090754,   2.876,   2.899,9999.000,9999.000,9999.000,9999.000,9999.000,9999.000,9999.000
202604090800,   2.818,   2.709,   0.300,  -0.409,   2.709,   0.200,   2.609,   0.300,   2.709
202604090806,   2.759,   2.660,9999.000,9999.000,9999.000,9999.000,9999.000,9999.000,9999.000
202604090812,   2.699,   2.660,9999.000,9999.000,9999.000,9999.000,9999.000,9999.000,9999.000
202604090818,   2.638,   2.620,9999.000,9999.000,9999.000,9999.000,9999.000,9999.000,9999.000
202604090824,   2.575,   2.519,9999.000,9999.000,9999.000,9999.000,9999.000,9999.000,9999.000
202604090830,   2.513,   2.430,9999.000,9999.000,9999.000,9999.000,9999.000,9999.000,9999.000
202604090836,   2.450,   2.387,9999.000,9999.000,9999.000,9999.000,9999.000,9999.000,9999.000
202604090842,   2.386,   2.358,9999.000,9999.000,9999.000,9999.000,9999.000,9999.000,9999.000
202604090848,   2.323,   2.279,9999.000,9999.000,9999.000,9999.000,9999.000,9999.000,9999.000
202604090854,   2.259,   2.158,9999.000,9999.000,9999.000,9999.000,9999.000,9999.000,9999.000
202604090900,   2.196,   2.069,   0.300,  -0.427,   2.069,   0.200,   1.969,   0.300,   2.069
202604090906,   2.133,   1.981,9999.000,9999.000,9999.000,9999.000,9999.000,9999.000,9999.000
202604090912,   2.070,   1.981,9999.000,9999.000,9999.000,9999.000,9999.000,9999.000,9999.000
202604090918,   2.009,   1.879,9999.000,9999.000,9999.000,9999.000,9999.000,9999.000,9999.000
202604090924,   1.948,   1.830,9999.000,9999.000,9999.000,9999.000,9999.000,9999.000,9999.000
202604090930,   1.888,   1.781,9999.000,9999.000,9999.000,9999.000,9999.000,9999.000,9999.000
202604090936,   1.829,   1.699,9999.000,9999.000,9999.000,9999.000,9999.000,9999.000,9999.000
202604090942,   1.771,   1.630,9999.000,9999.000,9999.000,9999.000,9999.000,9999.000,9999.000
202604090948,   1.715,   1.610,9999.000,9999.000,9999.000,9999.000,9999.000,9999.000,9999.000
202604090954,   1.660,   1.548,9999.000,9999.000,9999.000,9999.000,9999.000,9999.000,9999.000
202604091000,   1.607,   1.410,   0.300,  -0.497,   1.410,   0.200,   1.310,   0.300,   1.410
202604091006,   1.556,   1.361,9999.000,9999.000,9999.000,9999.000,9999.000,9999.000,9999.000
202604091012,   1.506,   1.361,9999.000,9999.000,9999.000,9999.000,9999.000,9999.000,9999.000
202604091018,   1.458,   1.318,9999.000,9999.000,9999.000,9999.000,9999.000,9999.000,9999.000
202604091024,   1.413,   1.269,9999.000,9999.000,9999.000,9999.000,9999.000,9999.000,9999.000
202604091030,   1.369,   1.210,9999.000,9999.000,9999.000,9999.000,9999.000,9999.000,9999.000
202604091036,   1.328,   1.180,9999.000,9999.000,9999.000,9999.000,9999.000,9999.000,9999.000
202604091042,   1.289,   1.161,9999.000,9999.000,9999.000,9999.000,9999.000,9999.000,9999.000
202604091048,   1.253,   1.118,9999.000,9999.000,9999.000,9999.000,9999.000,9999.000,9999.000
202604091054,   1.219,   1.039,9999.000,9999.000,9999.000,9999.000,9999.000,9999.000,9999.000
202604091100,   1.188,   0.970,   0.200,  -0.418,   0.970,   0.200,   0.970,   0.300,   1.070
202604091106,   1.159,   0.918,9999.000,9999.000,9999.000,9999.000,9999.000,9999.000,9999.000
202604091112,   1.134,   0.918,9999.000,9999.000,9999.000,9999.000,9999.000,9999.000,9999.000
202604091118,   1.111,   0.898,9999.000,9999.000,9999.000,9999.000,9999.000,9999.000,9999.000
202604091124,   1.091,   0.869,9999.000,9999.000,9999.000,9999.000,9999.000,9999.000,9999.000
202604091130,   1.075,   0.839,9999.000,9999.000,9999.000,9999.000,9999.000,9999.000,9999.000
202604091136,   1.061,   0.819,9999.000,9999.000,9999.000,9999.000,9999.000,9999.000,9999.000
202604091142,   1.051,   0.819,9999.000,9999.000,9999.000,9999.000,9999.000,9999.000,9999.000
202604091148,   1.044,   0.819,9999.000,9999.000,9999.000,9999.000,9999.000,9999.000,9999.000
202604091154,   1.040,   0.800,9999.000,9999.000,9999.000,9999.000,9999.000,9999.000,9999.000
202604091200,   1.039,   0.869,   0.200,  -0.370,   0.869,   0.200,   0.869,   0.200,   0.869
202604091206,   1.042,   0.869,9999.000,9999.000,9999.000,9999.000,9999.000,9999.000,9999.000
202604091212,   1.047,   0.869,9999.000,9999.000,9999.000,9999.000,9999.000,9999.000,9999.000
202604091218,   1.056,   0.859,9999.000,9999.000,9999.000,9999.000,9999.000,9999.000,9999.000
202604091224,   1.067,   0.888,9999.000,9999.000,9999.000,9999.000,9999.000,9999.000,9999.000
202604091230,   1.082,   0.908,9999.000,9999.000,9999.000,9999.000,9999.000,9999.000,9999.000
202604091236,   1.099,   0.928,9999.000,9999.000,9999.000,9999.000,9999.000,9999.000,9999.000
202604091242,   1.119,   0.970,9999.000,9999.000,9999.000,9999.000,9999.000,9999.000,9999.000
202604091248,   1.142,   1.010,9999.000,9999.000,9999.000,9999.000,9999.000,9999.000,9999.000
202604091254,   1.167,   1.020,9999.000,9999.000,9999.000,9999.000,9999.000,9999.000,9999.000
202604091300,   1.195,   1.088,   0.200,  -0.307,   1.088,   0.200,   1.088,   0.200,   1.088
202604091306,   1.224,   1.108,9999.000,9999.000,9999.000,9999.000,9999.000,9999.000,9999.000
202604091312,   1.256,   1.108,9999.000,9999.000,9999.000,9999.000,9999.000,9999.000,9999.000
202604091318,   1.289,   1.098,9999.000,9999.000,9999.000,9999.000,9999.000,9999.000,9999.000
202604091324,   1.325,   1.138,9999.000,9999.000,9999.000,9999.000,9999.000,9999.000,9999.000
202604091330,   1.361,   1.210,9999.000,9999.000,9999.000,9999.000,9999.000,9999.000,9999.000
202604091336,   1.400,   1.229,9999.000,9999.000,9999.000,9999.000,9999.000,9999.000,9999.000
202604091342,   1.439,   1.249,9999.000,9999.000,9999.000,9999.000,9999.000,9999.000,9999.000
202604091348,   1.479,   1.308,9999.000,9999.000,9999.000,9999.000,9999.000,9999.000,9999.000
202604091354,   1.520,   1.390,9999.000,9999.000,9999.000,9999.000,9999.000,9999.000,9999.000
202604091400,   1.562,   1.508,   0.200,  -0.254,   1.508,   0.200,   1.508,   0.200,   1.508
202604091406,   1.604,   1.571,9999.000,9999.000,9999.000,9999.000,9999.000,9999.000,9999.000
202604091412,   1.647,   1.571,9999.000,9999.000,9999.000,9999.000,9999.000,9999.000,9999.000
202604091418,   1.690,   1.557,9999.000,9999.000,9999.000,9999.000,9999.000,9999.000,9999.000
202604091424,   1.732,   1.590,9999.000,9999.000,9999.000,9999.000,9999.000,9999.000,9999.000
202604091430,   1.775,   1.689,9999.000,9999.000,9999.000,9999.000,9999.000,9999.000,9999.000
202604091436,   1.818,   1.738,9999.000,9999.000,9999.000,9999.000,9999.000,9999.000,9999.000
202604091442,   1.860,   1.758,9999.000,9999.000,9999.000,9999.000,9999.000,9999.000,9999.000
202604091448,   1.901,   1.781,9999.000,9999.000,9999.000,9999.000,9999.000,9999.000,9999.000
202604091454,   1.942,   1.899,9999.000,9999.000,9999.000,9999.000,9999.000,9999.000,9999.000
202604091500,   1.983,   1.928,   0.200,  -0.255,   1.928,   0.200,   1.928,   0.200,   1.928
202604091506,   2.022,   1.938,9999.000,9999.000,9999.000,9999.000,9999.000,9999.000,9999.000
202604091512,   2.061,   1.938,9999.000,9999.000,9999.000,9999.000,9999.000,9999.000,9999.000
202604091518,   2.099,   1.990,9999.000,9999.000,9999.000,9999.000,9999.000,9999.000,9999.000
202604091524,   2.136,   2.030,9999.000,9999.000,9999.000,9999.000,9999.000,9999.000,9999.000
202604091530,   2.172,   2.059,9999.000,9999.000,9999.000,9999.000,9999.000,9999.000,9999.000
202604091536,   2.206,   2.109,9999.000,9999.000,9999.000,9999.000,9999.000,9999.000,9999.000
202604091542,   2.240,   2.168,9999.000,9999.000,9999.000,9999.000,9999.000,9999.000,9999.000
202604091548,   2.272,   2.230,9999.000,9999.000,9999.000,9999.000,9999.000,9999.000,9999.000
202604091554,   2.303,   2.299,9999.000,9999.000,9999.000,9999.000,9999.000,9999.000,9999.000
202604091600,   2.333,   2.338,   0.200,  -0.195,   2.338,   0.100,   2.238,   0.200,   2.338
202604091606,   2.361,   2.400,9999.000,9999.000,9999.000,9999.000,9999.000,9999.000,9999.000
202604091612,   2.388,   2.400,9999.000,9999.000,9999.000,9999.000,9999.000,9999.000,9999.000
202604091618,   2.414,   2.400,9999.000,9999.000,9999.000,9999.000,9999.000,9999.000,9999.000
202604091624,   2.439,   2.377,9999.000,9999.000,9999.000,9999.000,9999.000,9999.000,9999.000
202604091630,   2.462,   2.420,9999.000,9999.000,9999.000,9999.000,9999.000,9999.000,9999.000
202604091636,   2.483,   2.450,9999.000,9999.000,9999.000,9999.000,9999.000,9999.000,9999.000
202604091642,   2.504,   2.459,9999.000,9999.000,9999.000,9999.000,9999.000,9999.000,9999.000
202604091648,   2.522,   2.509,9999.000,9999.000,9999.000,9999.000,9999.000,9999.000,9999.000
202604091654,   2.540,   2.538,9999.000,9999.000,9999.000,9999.000,9999.000,9999.000,9999.000
202604091700,   2.556,   2.568,   0.200,  -0.188,   2.568,   0.100,   2.468,   0.200,   2.568
202604091706,   2.570,   2.587,9999.000,9999.000,9999.000,9999.000,9999.000,9999.000,9999.000
202604091712,   2.583,   2.587,9999.000,9999.000,9999.000,9999.000,9999.000,9999.000,9999.000
202604091718,   2.595,   2.578,9999.000,9999.000,9999.000,9999.000,9999.000,9999.000,9999.000
202604091724,   2.605,   2.568,9999.000,9999.000,9999.000,9999.000,9999.000,9999.000,9999.000
202604091730,   2.613,   2.587,9999.000,9999.000,9999.000,9999.000,9999.000,9999.000,9999.000
202604091736,   2.620,   2.610,9999.000,9999.000,9999.000,9999.000,9999.000,9999.000,9999.000
202604091742,   2.625,   2.620,9999.000,9999.000,9999.000,9999.000,9999.000,9999.000,9999.000
202604091748,   2.629,   2.597,9999.000,9999.000,9999.000,9999.000,9999.000,9999.000,9999.000
202604091754,   2.631,   2.610,9999.000,9999.000,9999.000,9999.000,9999.000,9999.000,9999.000
202604091800,   2.632,   2.689,   0.100,  -0.043,   2.689,   0.100,   2.689,   0.200,   2.789
202604091806,   2.630,   2.660,9999.000,9999.000,9999.000,9999.000,9999.000,9999.000,9999.000
202604091812,   2.628,   2.660,9999.000,9999.000,9999.000,9999.000,9999.000,9999.000,9999.000
202604091818,   2.623,   2.660,9999.000,9999.000,9999.000,9999.000,9999.000,9999.000,9999.000
202604091824,   2.617,   2.660,9999.000,9999.000,9999.000,9999.000,9999.000,9999.000,9999.000
202604091830,   2.609,   2.587,9999.000,9999.000,9999.000,9999.000,9999.000,9999.000,9999.000
202604091836,   2.599,   2.558,9999.000,9999.000,9999.000,9999.000,9999.000,9999.000,9999.000
202604091842,   2.588,   2.568,9999.000,9999.000,9999.000,9999.000,9999.000,9999.000,9999.000
202604091848,   2.575,   2.558,9999.000,9999.000,9999.000,9999.000,9999.000,9999.000,9999.000
202604091854,   2.559,   2.528,9999.000,9999.000,9999.000,9999.000,9999.000,9999.000,9999.000
202604091900,   2.543,   2.489,   0.100,  -0.154,   2.489,   0.100,   2.489,   0.200,   2.589
202604091906,   2.524,   2.459,9999.000,9999.000,9999.000,9999.000,9999.000,9999.000,9999.000
202604091912,   2.503,   2.459,9999.000,9999.000,9999.000,9999.000,9999.000,9999.000,9999.000
202604091918,   2.481,   2.410,9999.000,9999.000,9999.000,9999.000,9999.000,9999.000,9999.000
202604091924,   2.457,   2.348,9999.000,9999.000,9999.000,9999.000,9999.000,9999.000,9999.000
202604091930,   2.431,   2.299,9999.000,9999.000,9999.000,9999.000,9999.000,9999.000,9999.000
202604091936,   2.404,   2.250,9999.000,9999.000,9999.000,9999.000,9999.000,9999.000,9999.000
202604091942,   2.375,   2.200,9999.000,9999.000,9999.000,9999.000,9999.000,9999.000,9999.000
202604091948,   2.344,   2.158,9999.000,9999.000,9999.000,9999.000,9999.000,9999.000,9999.000
202604091954,   2.311,   2.069,9999.000,9999.000,9999.000,9999.000,9999.000,9999.000,9999.000
202604092000,   2.277,   2.010,   0.100,  -0.367,   2.010,   0.100,   2.010,   0.200,   2.110
202604092006,   2.242,   1.981,9999.000,9999.000,9999.000,9999.000,9999.000,9999.000,9999.000
202604092012,   2.205,   1.981,9999.000,9999.000,9999.000,9999.000,9999.000,9999.000,9999.000
202604092018,   2.168,   1.948,9999.000,9999.000,9999.000,9999.000,9999.000,9999.000,9999.000
202604092024,   2.129,   1.869,9999.000,9999.000,9999.000,9999.000,9999.000,9999.000,9999.000
202604092030,   2.089,   1.820,9999.000,9999.000,9999.000,9999.000,9999.000,9999.000,9999.000
202604092036,   2.048,   1.810,9999.000,9999.000,9999.000,9999.000,9999.000,9999.000,9999.000
202604092042,   2.007,   1.748,9999.000,9999.000,9999.000,9999.000,9999.000,9999.000,9999.000
202604092048,   1.965,   1.659,9999.000,9999.000,9999.000,9999.000,9999.000,9999.000,9999.000
202604092054,   1.923,   1.580,9999.000,9999.000,9999.000,9999.000,9999.000,9999.000,9999.000
202604092100,   1.880,   1.590,   0.100,  -0.390,   1.590,   0.100,   1.590,   0.200,   1.690
202604092106,   1.838,   1.528,9999.000,9999.000,9999.000,9999.000,9999.000,9999.000,9999.000
202604092112,   1.795,   1.528,9999.000,9999.000,9999.000,9999.000,9999.000,9999.000,9999.000
202604092118,   1.753,   1.459,9999.000,9999.000,9999.000,9999.000,9999.000,9999.000,9999.000
202604092124,   1.711,   1.479,9999.000,9999.000,9999.000,9999.000,9999.000,9999.000,9999.000
202604092130,   1.670,   1.479,9999.000,9999.000,9999.000,9999.000,9999.000,9999.000,9999.000
202604092136,   1.630,   1.430,9999.000,9999.000,9999.000,9999.000,9999.000,9999.000,9999.000
202604092142,   1.591,   1.400,9999.000,9999.000,9999.000,9999.000,9999.000,9999.000,9999.000
202604092148,   1.552,   1.371,9999.000,9999.000,9999.000,9999.000,9999.000,9999.000,9999.000
202604092154,   1.515,   1.348,9999.000,9999.000,9999.000,9999.000,9999.000,9999.000,9999.000
202604092200,   1.479,   1.289,   0.100,  -0.290,   1.289,   0.100,   1.289,   0.200,   1.389
202604092206,   1.445,   1.279,9999.000,9999.000,9999.000,9999.000,9999.000,9999.000,9999.000
202604092212,   1.412,   1.279,9999.000,9999.000,9999.000,9999.000,9999.000,9999.000,9999.000
202604092218,   1.381,   1.289,9999.000,9999.000,9999.000,9999.000,9999.000,9999.000,9999.000
202604092224,   1.352,   1.259,9999.000,9999.000,9999.000,9999.000,9999.000,9999.000,9999.000
202604092230,   1.325,   1.229,9999.000,9999.000,9999.000,9999.000,9999.000,9999.000,9999.000
202604092236,   1.300,   1.220,9999.000,9999.000,9999.000,9999.000,9999.000,9999.000,9999.000
202604092242,   1.277,   1.200,9999.000,9999.000,9999.000,9999.000,9999.000,9999.000,9999.000
202604092248,   1.256,   1.161,9999.000,9999.000,9999.000,9999.000,9999.000,9999.000,9999.000
202604092254,   1.238,   1.151,9999.000,9999.000,9999.000,9999.000,9999.000,9999.000,9999.000
202604092300,   1.222,   1.118,   0.100,  -0.204,   1.118,   0.100,   1.118,   0.200,   1.218
202604092306,   1.208,   1.128,9999.000,9999.000,9999.000,9999.000,9999.000,9999.000,9999.000
202604092312,   1.197,   1.128,9999.000,9999.000,9999.000,9999.000,9999.000,9999.000,9999.000
202604092318,   1.189,   1.151,9999.000,9999.000,9999.000,9999.000,9999.000,9999.000,9999.000
202604092324,   1.183,   1.151,9999.000,9999.000,9999.000,9999.000,9999.000,9999.000,9999.000
202604092330,   1.180,   1.151,9999.000,9999.000,9999.000,9999.000,9999.000,9999.000,9999.000
202604092336,   1.179,   1.161,9999.000,9999.000,9999.000,9999.000,9999.000,9999.000,9999.000
202604092342,   1.182,   1.180,9999.000,9999.000,9999.000,9999.000,9999.000,9999.000,9999.000
202604092348,   1.187,   1.170,9999.000,9999.000,9999.000,9999.000,9999.000,9999.000,9999.000
202604092354,   1.195,   1.161,9999.000,9999.000,9999.000,9999.000,9999.000,9999.000,9999.000
202604100000,   1.205,   1.239,   0.100,  -0.066,   1.239,   0.100,   1.239,   0.100,   1.239
202604100006,   1.219,   1.220,9999.000,9999.000,9999.000,9999.000,9999.000,9999.000,9999.000
202604100012,   1.235,   1.220,9999.000,9999.000,9999.000,9999.000,9999.000,9999.000,9999.000
202604100018,   1.254,   1.229,9999.000,9999.000,9999.000,9999.000,9999.000,9999.000,9999.000
202604100024,   1.276,   1.279,9999.000,9999.000,9999.000,9999.000,9999.000,9999.000,9999.000
202604100030,   1.301,   1.308,9999.000,9999.000,9999.000,9999.000,9999.000,9999.000,9999.000
202604100036,   1.328,   1.289,9999.000,9999.000,9999.000,9999.000,9999.000,9999.000,9999.000
202604100042,   1.357,   1.328,9999.000,9999.000,9999.000,9999.000,9999.000,9999.000,9999.000
202604100048,   1.390,   1.371,9999.000,9999.000,9999.000,9999.000,9999.000,9999.000,9999.000
202604100054,   1.424,   1.380,9999.000,9999.000,9999.000,9999.000,9999.000,9999.000,9999.000
202604100100,   1.461,   1.439,   0.100,  -0.122,   1.439,   0.100,   1.439,   0.100,   1.439
202604100106,   1.500,   1.489,9999.000,9999.000,9999.000,9999.000,9999.000,9999.000,9999.000
202604100112,   1.542,   1.489,9999.000,9999.000,9999.000,9999.000,9999.000,9999.000,9999.000
202604100118,   1.585,   1.518,9999.000,9999.000,9999.000,9999.000,9999.000,9999.000,9999.000
202604100124,   1.630,   1.548,9999.000,9999.000,9999.000,9999.000,9999.000,9999.000,9999.000
202604100130,   1.677,   1.620,9999.000,9999.000,9999.000,9999.000,9999.000,9999.000,9999.000
202604100136,   1.725,   1.689,9999.000,9999.000,9999.000,9999.000,9999.000,9999.000,9999.000
202604100142,   1.775,   1.738,9999.000,9999.000,9999.000,9999.000,9999.000,9999.000,9999.000
202604100148,   1.826,   1.790,9999.000,9999.000,9999.000,9999.000,9999.000,9999.000,9999.000
202604100154,   1.878,   1.859,9999.000,9999.000,9999.000,9999.000,9999.000,9999.000,9999.000
202604100200,   1.932,   1.938,   0.100,  -0.094,   1.938,   0.100,   1.938,   0.100,   1.938
202604100206,   1.986,   2.010,9999.000,9999.000,9999.000,9999.000,9999.000,9999.000,9999.000
202604100212,   2.041,   2.010,9999.000,9999.000,9999.000,9999.000,9999.000,9999.000,9999.000
202604100218,   2.096,   2.089,9999.000,9999.000,9999.000,9999.000,9999.000,9999.000,9999.000
202604100224,   2.152,   2.177,9999.000,9999.000,9999.000,9999.000,9999.000,9999.000,9999.000
202604100230,   2.208,   2.240,9999.000,9999.000,9999.000,9999.000,9999.000,9999.000,9999.000
202604100236,   2.264,   2.279,9999.000,9999.000,9999.000,9999.000,9999.000,9999.000,9999.000
202604100242,   2.320,   2.338,9999.000,9999.000,9999.000,9999.000,9999.000,9999.000,9999.000
202604100248,   2.375,   2.420,9999.000,9999.000,9999.000,9999.000,9999.000,9999.000,9999.000
202604100254,   2.431,   2.509,9999.000,9999.000,9999.000,9999.000,9999.000,9999.000,9999.000
202604100300,   2.485,   2.558,   0.100,  -0.027,   2.558,   0.100,   2.558,   0.100,   2.558
202604100306,   2.540,   2.630,9999.000,9999.000,9999.000,9999.000,9999.000,9999.000,9999.000
202604100312,   2.593,   2.630,9999.000,9999.000,9999.000,9999.000,9999.000,9999.000,9999.000
202604100318,   2.646,   2.699,9999.000,9999.000,9999.000,9999.000,9999.000,9999.000,9999.000
202604100324,   2.698,   2.758,9999.000,9999.000,9999.000,9999.000,9999.000,9999.000,9999.000
202604100330,   2.748,   2.830,9999.000,9999.000,9999.000,9999.000,9999.000,9999.000,9999.000
202604100336,   2.798,   2.889,9999.000,9999.000,9999.000,9999.000,9999.000,9999.000,9999.000
202604100342,   2.846,   2.948,9999.000,9999.000,9999.000,9999.000,9999.000,9999.000,9999.000
202604100348,   2.893,   3.017,9999.000,9999.000,9999.000,9999.000,9999.000,9999.000,9999.000
202604100354,   2.939,   3.079,9999.000,9999.000,9999.000,9999.000,9999.000,9999.000,9999.000
202604100400,   2.983,   3.158,   0.100,   0.075,   3.158,   0.100,   3.158,   0.100,   3.158
202604100406,   3.025,   3.250,9999.000,9999.000,9999.000,9999.000,9999.000,9999.000,9999.000
202604100412,   3.067,   3.250,9999.000,9999.000,9999.000,9999.000,9999.000,9999.000,9999.000
202604100418,   3.106,   3.299,9999.000,9999.000,9999.000,9999.000,9999.000,9999.000,9999.000
202604100424,   3.144,   3.358,9999.000,9999.000,9999.000,9999.000,9999.000,9999.000,9999.000
202604100430,   3.180,   3.460,9999.000,9999.000,9999.000,9999.000,9999.000,9999.000,9999.000
202604100436,   3.214,   3.499,9999.000,9999.000,9999.000,9999.000,9999.000,9999.000,9999.000
202604100442,   3.247,   3.499,9999.000,9999.000,9999.000,9999.000,9999.000,9999.000,9999.000
202604100448,   3.278,   3.558,9999.000,9999.000,9999.000,9999.000,9999.000,9999.000,9999.000
202604100454,   3.307,   3.627,9999.000,9999.000,9999.000,9999.000,9999.000,9999.000,9999.000
202604100500,   3.334,   3.650,   0.100,   0.216,   3.650,   0.100,   3.650,   0.100,   3.650
202604100506,   3.359,   3.689,9999.000,9999.000,9999.000,9999.000,9999.000,9999.000,9999.000
202604100512,   3.383,   3.689,9999.000,9999.000,9999.000,9999.000,9999.000,9999.000,9999.000
202604100518,   3.405,   3.699,9999.000,9999.000,9999.000,9999.000,9999.000,9999.000,9999.000
202604100524,   3.424,   3.719,9999.000,9999.000,9999.000,9999.000,9999.000,9999.000,9999.000
202604100530,   3.442,   3.749,9999.000,9999.000,9999.000,9999.000,9999.000,9999.000,9999.000
202604100536,   3.458,   3.729,9999.000,9999.000,9999.000,9999.000,9999.000,9999.000,9999.000
202604100542,   3.472,   3.758,9999.000,9999.000,9999.000,9999.000,9999.000,9999.000,9999.000
202604100548,   3.485,   3.788,9999.000,9999.000,9999.000,9999.000,9999.000,9999.000,9999.000
202604100554,   3.495,   3.778,9999.000,9999.000,9999.000,9999.000,9999.000,9999.000,9999.000
202604100600,   3.503,   3.817,   0.000,   0.314,   3.817,   0.000,   3.817,   0.100,   3.917
202604100606,   3.509,   3.798,9999.000,9999.000,9999.000,9999.000,9999.000,9999.000,9999.000
202604100612,   3.514,   3.798,9999.000,9999.000,9999.000,9999.000,9999.000,9999.000,9999.000
202604100618,   3.516,   3.817,9999.000,9999.000,9999.000,9999.000,9999.000,9999.000,9999.000
202604100624,   3.516,   3.827,9999.000,9999.000,9999.000,9999.000,9999.000,9999.000,9999.000
202604100630,   3.515,   3.788,9999.000,9999.000,9999.000,9999.000,9999.000,9999.000,9999.000
202604100636,   3.511,   3.778,9999.000,9999.000,9999.000,9999.000,9999.000,9999.000,9999.000
202604100642,   3.505,   3.798,9999.000,9999.000,9999.000,9999.000,9999.000,9999.000,9999.000
202604100648,   3.497,   3.758,9999.000,9999.000,9999.000,9999.000,9999.000,9999.000,9999.000
